48
37
57
44
113
103
62
37
166
130
45
30
38
83
91
54
163
147
120
72
174
70
206
75
165
73
114
159
120
94
126
84
55
56
99
118
109
152
160
119
122
58
70
76
127
94
55
117
71
88
85
27
74
98
95
156
63
85
50
131
89
102
73
80
75
106
86
78
185
146
163
80
157
73
132
28
111
67
141
62
83
85
189
100
56
103
133
48
97
44
158
67
155
86
31
66
134
42
75
126
66
105
66
163
110
119
33
47
57
110
37
91
39
148
49
99
89
29
117
199
71
180
40
52
30
92
74
89
85
79
23
56
44
62
195
68
32
151
161
55
46
113
70
90
87
66
86
69
150
101
46
103
49
68
103
118
40
34
52
41
80
120
49
80
84
57
39
57
63
49
57
78
44
30
129
52
188
104
86
128
86
40
87
58
109
181
42
95
117
84
65
172
61
178
68
47
67
67
56
160
109
83
93
119
80
98
152
60
154
40
117
115
122
77
58
43
173
69
78
66
44
97
188
71
51
68
38
135
72
95
208
132
36
101
127
35
111
115
143
136
88
126
206
55
47
170
47
80
108
101
120
126
149
178
150
66
87
105
170
