193
88
69
95
124
140
190
125
98
69
71
98
25
94
186
260
108
65
39
141
111
96
140
194
118
45
51
222
251
235
58
80
76
76
64
236
69
39
82
198
59
121
104
187
171
61
83
223
245
116
179
133
135
101
28
79
97
257
72
234
77
273
143
35
119
74
84
252
151
111
265
42
79
111
39
66
58
78
56
97
60
210
54
138
112
81
149
79
230
136
64
258
185
78
47
139
193
54
133
69
36
157
137
50
74
154
52
277
140
101
147
243
280
59
58
195
92
291
93
258
124
74
163
139
197
154
55
207
167
50
54
58
284
80
228
60
59
259
44
151
148
219
98
226
89
62
225
48
80
79
137
36
24
25
260
217
83
238
56
71
45
33
168
65
182
144
91
98
86
226
74
157
109
238
40
255
35
174
35
219
227
98
163
59
84
159
69
144
134
87
217
207
169
175
69
112
81
35
103
76
223
142
112
232
193
201
176
216
110
140
78
62
99
78
111
94
76
130
82
191
115
99
201
82
95
210
209
135
38
205
204
73
101
98
65
159
44
82
143
183
38
31
121
113
76
152
117
35
98
